                                )

           ZILE LUCRĂTOARE                ZILE NELUCRĂTOARE
ORA               MINUTE            ORA          MINUTE

 5                                   5
 6                                   6
 7    07     23     39     57        7
 8    13     30     49               8
 9    10     29                      9
10                                  10
11                                  11
12                                  12
13                                  13
14                                  14
15    37     54                     15
16    10     27     44              16
17    01     17     34     52       17
18    08     26                     18
19                                  19
20                                  20
21                                  21
22                                  22
23                                  23
                                )

           ZILE LUCRĂTOARE                ZILE NELUCRĂTOARE
ORA               MINUTE            ORA          MINUTE

 5                                   5
 6                                   6
 7    11     27     43               7
 8    01     17     34     53        8
 9    14     33                      9
10                                  10
11                                  11
12                                  12
13                                  13
14                                  14
15    41     58                     15
16    14     31     48              16
17    05     21     38     56       17
18    12     30                     18
19                                  19
20                                  20
21                                  21
22                                  22
23                                  23
                                )

           ZILE LUCRĂTOARE                          ZILE NELUCRĂTOARE
ORA               MINUTE                 ORA                MINUTE
                                               --
 4    49                                  4
 5    --                                  5    57
 6    03     18     32     46       59    6    25
 7    14     30     46                    7    07      35
 8    04     20     37     56             8    10      49
 9    17     36     55                    9    28
10    16     35     56                   10    07      42
11    19     42                          11    17      52
12    01     17     34     50            12    27
13    07     26     48                   13    02      37
14    10     30     50                   14    12      40
15    09     27     44                   15    22      43
16    01     17     34     51            16    32      59
17    08     24     41     59            17    46
18    15     33     42     56            18    25
19    20     51                          19    04      39
20    11     35     57                   20    14      49
21    21                                 21    24
22    04     36                          22    05      35
23    --                                 23    --
                                )

           ZILE LUCRĂTOARE                     ZILE NELUCRĂTOARE
ORA               MINUTE            ORA                MINUTE
                                          --
 4    54                             4
 5    --                             5    --
 6    08     23     37     51        6    00      28
 7    04     19     35     51        7    10      38
 8    09     25     42               8    13      52
 9    01     22     41               9    31
10    00     21     40              10    10      45
11    01     24     47              11    20      55
12    06     22     39     55       12    30
13    12     31     53              13    05      40
14    15     35     55              14    15      43
15    14     32     49              15    25      46
16    06     22     39     56       16    35
17    13     29     46              17    02      49
18    04     20     38     47       18    28
19    01     25     56              19    07      42
20    16     40                     20    17      52
21    02     26                     21    27
22    09     41                     22    08      38
23    --                            23    --
                                )

           ZILE LUCRĂTOARE                     ZILE NELUCRĂTOARE
ORA               MINUTE            ORA                MINUTE
                                          --
 4    58                             4
 5    --                             5    --
 6    12     27     41     55        6    04
 7    08     23     39     55        7    14      42
 8    13     29     46               8    17      56
 9    05     26     45               9    35
10    04     25     44              10    14      49
11    05     28     51              11    24      59
12    10     26     43     59       12    34
13    16     35     57              13    09      44
14    19     39     59              14    19      47
15    18     36     53              15    29      50
16    10     26     43              16    39
17    00     17     33     50       17    06      53
18    08     24     42     51       18    32
19    05     29                     19    11      46
20    00     20     44              20    21      56
21    06     30                     21    31
22    13     45                     22    12      42
23    --                            23    --
                                )

           ZILE LUCRĂTOARE                     ZILE NELUCRĂTOARE
ORA               MINUTE            ORA                MINUTE
                                          --
 4    --                             4
 5    00                             5    --
 6    14     29     43     57        6    06      34
 7    10     25     41     57        7    16      44
 8    15     31     48               8    19      58
 9    07     28     47               9    37
10    06     27     46              10    16      51
11    07     30     53              11    26
12    12     28     45              12    01      36
13    01     18     37     59       13    11      46
14    21     41                     14    21      49
15    01     20     38     55       15    31      52
16    12     28     45              16    41
17    02     19     35     52       17    08      55
18    10     26     44     53       18    34
19    07     31                     19    13      48
20    02     22     46              20    23      58
21    08     32                     21    33
22    15     47                     22    14      44
23    --                            23    --
                                )

           ZILE LUCRĂTOARE                     ZILE NELUCRĂTOARE
ORA               MINUTE            ORA                MINUTE
                                          --
 4    --                             4
 5    02                             5    --
 6    16     31     45     59        6    08      36
 7    12     27     43     59        7    18      46
 8    17     33     50               8    21
 9    09     30     49               9    00      39
10    08     29     48              10    18      53
11    09     32     55              11    28
12    14     30     47              12    03      38
13    03     20     39              13    13      48
14    01     23     43              14    23      51
15    03     22     40     57       15    33      54
16    14     30     47              16    43
17    04     21     37     54       17    10      57
18    12     28     46     55       18    36
19    09     33                     19    15      50
20    04     24     48              20    25
21    10     34                     21    00      35
22    17     49                     22    16      46
23    --                            23    --
                                )

           ZILE LUCRĂTOARE                     ZILE NELUCRĂTOARE
ORA               MINUTE            ORA                MINUTE
                                          --
 4    --                             4
 5    09                             5    15
 6    08     23     38     52        6    14      42
 7    06     21     36     52        7    24      52
 8    08     24     40     57        8    27
 9    16     37     56               9    06      45
10    15     36     55              10    24      59
11    16     39                     11    34
12    02     21     37     54       12    09      44
13    12     29     48              13    19      54
14    10     32     52              14    29      57
15    12     31     49              15    39
16    06     23     39     56       16    00      49
17    13     30     46              17    16
18    03     19     35     53       18    03      42
19    02     16     40              19    21      56
20    11     31     55              20    31
21    17     41                     21    06      41
22    24     56                     22    22      52
23    --                            23    --
                                )

           ZILE LUCRĂTOARE                     ZILE NELUCRĂTOARE
ORA               MINUTE            ORA                MINUTE
                                          --
 4    --                             4
 5    15                             5    20
 6    14     29     44     58        6    20      48
 7    12     33     48               7    30      58
 8    04     20     30     46        8    33
 9    03     22     43               9    12      51
10    02     21     42              10    30
11    01     22     45              11    05      40
12    08     27     43              12    15      50
13    00     24     41              13    25
14    00     22     44              14    00      35
15    04     24     43              15    03      45
16    01     18     35     51       16    06      55
17    08     25     42     58       17    22
18    15     25     41     59       18    09      48
19    08     22     46              19    27
20    17     37                     20    02      37
21    01     23     47              21    12      47
22    30                            22    28      58
23    02                            23    --
                                )

           ZILE LUCRĂTOARE                     ZILE NELUCRĂTOARE
ORA               MINUTE            ORA                MINUTE

 4    --                             4
 5    16                             5    21
 6    15     30     45     59        6    22      50
 7    13     35     50               7    32
 8    06     22     31     47        8    00      35
 9    04     23     44               9    14      53
10    03     22     43              10    32
11    02     23     46              11    07      42
12    09     28     44              12    17      52
13    01     26     43              13    27
14    02     24     46              14    02      37
15    06     26     45              15    05      47
16    03     20     37     53       16    08      57
17    10     27     44              17    24
18    00     17     26     42       18    11      50
19    00     09     23     47       19    29
20    18     38                     20    04      39
21    02     24     48              21    14      49
22    31                            22    30
23    03                            23    00
                                )

           ZILE LUCRĂTOARE                     ZILE NELUCRĂTOARE
ORA               MINUTE            ORA                MINUTE
                                          --
 4    --                             4
 5    18                             5    23
 6    17     32     47               6    24      52
 7    01     15     37     52        7    34
 8    08     24     33     49        8    02      37
 9    06     25     46               9    16      55
10    05     24     45              10    34
11    04     25     48              11    09      44
12    11     30     46              12    19      54
13    03     28     45              13    29
14    04     26     48              14    04      39
15    08     28     47              15    07      49
16    05     22     39     55       16    10      59
17    12     29     46              17    26
18    02     19     28     44       18    13      52
19    02     11     25     49       19    31
20    20     40                     20    06      41
21    04     26     50              21    16      51
22    33                            22    32
23    05                            23    02
                                )

           ZILE LUCRĂTOARE                     ZILE NELUCRĂTOARE
ORA               MINUTE            ORA                MINUTE

 4    --                             4    --

 5    19                             5    24
 6    18     33     48               6    25      53
 7    02     16     38     53        7    35
 8    09     25     34     50        8    03      38
 9    07     26     47               9    17      56
10    06     25     46              10    35
11    05     26     49              11    10      45
12    12     31     47              12    20      55
13    04     29     46              13    30
14    05     27     49              14    05      40
15    09     29     48              15    08      50
16    06     23     40     56       16    11
17    13     30     47              17    00      27
18    03     20     29     45       18    14      53
19    03     12     26     50       19    32
20    21     41                     20    07      42
21    05     27     51              21    17      52
22    34                            22    33
23    06                            23    03
                                )

           ZILE LUCRĂTOARE                     ZILE NELUCRĂTOARE
ORA               MINUTE            ORA                MINUTE

 4                                   4
 5    20                             5    25
 6    19     34     49               6    26      54
 7    03     17     39     54        7    36
 8    10     26     35     51        8    04      39
 9    08     27     48               9    18      57
10    07     26     47              10    36
11    06     27     50              11    11      46
12    13     32     48              12    21      56
13    05     30     47              13    31
14    06     28     50              14    06      41
15    10     30     49              15    09      51
16    07     24     41     57       16    12
17    14     31     48              17    01      28
18    04     21     30     46       18    15      54
19    04     13     27     51       19    33
20    22     42                     20    08      43
21    06     28     52              21    18      53
22    35                            22    34
23    07                            23    04
