                                  )

           ZILE LUCRĂTOARE                                      ZILE NELUCRĂTOARE
ORA               MINUTE                          ORA                   MINUTE
                                                           27
 5    24                                            5
 6    21     38     53                              6      30      58
 7    07     21     43       58                     7      38
 8    12     30     29       55                     8      08      41
 9    12     31     52                              9      20
10    11     30     49                             10      01      40
11    10     31     54                             11      15      50
12    17     36     52                             12      25
13    09     34     51                             13      00      35
14    10     32     54                             14      08      45
15    12     34     53                             15      11      55
16    11     28     45                             16      16
17    01     18     35       52                    17      05      30
18    08     25     34       50                    18      17      58
19    05     17     31       55                    19      37
20    25     46                                    20      12      47
21    10     31     56                             21      22      57
22    38                                           22      37
23    11                                           23      08

              -   MERGE PÂNĂ LA PLATFORMA CONTINENTAL-SIEMENS
                                  )

           ZILE LUCRĂTOARE                                      ZILE NELUCRĂTOARE
ORA               MINUTE                          ORA                   MINUTE

 5    27                                            5      30
 6    24     41     56                              6      33
 7    10     24     46                              7      01      41
 8    01     15     33       42       58            8      11      44
 9    15     34     55                              9      23
10    14     33     52                             10      04      43
11    13     34     57                             11      18      53
12    20     39     55                             12      28
13    12     37     54                             13      03      38
14    13     35     57                             14      11      48
15    15     37     56                             15      14      58
16    14     31     48                             16      19
17    04     21     38       55                    17      08      33
18    11     28     37       53                    18      20
19    08     20     34       58                    19      01      40
20    28     49                                    20      15      50
21    13     34     59                             21      25
22    41                                           22      00      40
23    14                                           23      11

              -   MERGE PÂNĂ LA PLATFORMA CONTINENTAL-SIEMENS
                                  )

           ZILE LUCRĂTOARE                                      ZILE NELUCRĂTOARE
ORA               MINUTE                          ORA                   MINUTE

 5    31                                            5      34
 6    28     45                                     6      37
 7    00     14     28       50                     7      05      45
 8    06     19     37       46                     8      15      48
 9    02     19     38       59                     9      27
10    18     37     56                             10      08      47
11    17     38                                    11      22      57
12    01     24     43       59                    12      32
13    16     41     58                             13      07      42
14    17     39                                    14      15      52
15    01     19     41                             15      18
16    00     18     35       52                    16      02      23
17    08     25     42       59                    17      12      37
18    15     32     41       57                    18      24
19    12     24     38                             19      05      44
20    02     32     53                             20      19      54
21    17     38                                    21      29
22    03     45                                    22      04      44
23    18                                           23      15

              -   MERGE PÂNĂ LA PLATFORMA CONTINENTAL-SIEMENS
                                  )

           ZILE LUCRĂTOARE                                      ZILE NELUCRĂTOARE
ORA               MINUTE                          ORA                   MINUTE

 5    32                                            5      36
 6    30     47                                     6      39
 7    02     16     30       52                     7      07      47
 8    07     21     39       47                     8      17      50
 9    03     20     39                              9      29
10    00     19     38       57                    10      10      49
11    18     39                                    11      24      59
12    02     25     44                             12      34
13    00     17     43                             13      09      44
14    00     19     41                             14      17      54
15    03     21     43                             15      20
16    02     20     37       54                    16      04      25
17    10     27     44                             17      14      39
18    01     16     33       42       58           18      26
19    13     25     39                             19      07      46
20    03     33     54                             20      21      56
21    18     39                                    21      31
22    04     46                                    22      06      46
23    19                                           23      17

              -   MERGE PÂNĂ LA PLATFORMA CONTINENTAL-SIEMENS
                                  )

           ZILE LUCRĂTOARE                                      ZILE NELUCRĂTOARE
ORA               MINUTE                          ORA                   MINUTE

 5    36                                            5      43
 6    37     54                                     6      46
 7    09     23     37                              7      14      54
 8    14     28     46       51                     8      24      57
 9    07     24     43                              9      36
10    04     23     42                             10      17      56
11    01     22     43                             11      31
12    06     29     48                             12      06      41
13    04     21     50                             13      16      51
14    07     26     48                             14      24
15    10     28     50                             15      01      27
16    09     20     37                             16      11      32
17    01     17     34       51                    17      21      46
18    08     20     37       46                    18      33
19    02     17     29       43                    19      14      53
20    07     37     58                             20      28
21    22     43                                    21      03      38
22    08     50                                    22      13      53
23    23                                           23      24

              -   MERGE PÂNĂ LA PLATFORMA CONTINENTAL-SIEMENS
                                  )

           ZILE LUCRĂTOARE                                      ZILE NELUCRĂTOARE
ORA               MINUTE                          ORA                   MINUTE

 5    41                                            5      48
 6    43                                            6      51
 7    00     15     29       43                     7      19      59
 8    05     20     34       52       56            8      29
 9    12     29     48                              9      02      41
10    09     28     47                             10      22
11    06     27     48                             11      01      36
12    11     34     53                             12      11      46
13    09     26     56                             13      21      56
14    13     32     54                             14      29
15    16     34     56                             15      06      32
16    15     33     50                             16      16      37
17    07     23     40       57                    17      26      51
18    14     25     42       51                    18      38
19    07     22     34       48                    19      19      58
20    12     42                                    20      33
21    03     27     48                             21      08      43
22    13     55                                    22      18      58
23    28                                           23      29

              -   MERGE PÂNĂ LA PLATFORMA CONTINENTAL-SIEMENS
                                  )

           ZILE LUCRĂTOARE                                      ZILE NELUCRĂTOARE
ORA               MINUTE                          ORA                   MINUTE

 5    44                                            5      51
 6    46                                            6      54
 7    03     18     32       46                     7      22
 8    08     23     37       55       59            8      02      32
 9    15     32     51                              9      05      44
10    12     31     50                             10      25
11    09     30     51                             11      04      39
12    14     37     56                             12      14      49
13    12     29     59                             13      24      59
14    16     35     57                             14      32
15    19     37     59                             15      09      35
16    18     36     53                             16      19      40
17    10     26     43                             17      29      54
18    00     17     28       45       54           18      41
19    10     25     37       51                    19      22
20    15     45                                    20      01      36
21    06     30     51                             21      11      46
22    16     58                                    22      21
23    31                                           23      01      32

              -   MERGE PÂNĂ LA PLATFORMA CONTINENTAL-SIEMENS
                                  )

           ZILE LUCRĂTOARE                                      ZILE NELUCRĂTOARE
ORA               MINUTE                          ORA                   MINUTE

 5    47                                            5      54
 6    49                                            6      57
 7    06     21     35       49                     7      25
 8    11     26     40       58                     8      05      35
 9    02     18     35       54                     9      08      47
10    15     34     53                             10      28
11    12     33     54                             11      07      42
12    17     40     59                             12      17      52
13    15     32                                    13      27
14    02     19     38                             14      02      35
15    00     22     40                             15      12      38
16    02     21     39       56                    16      22      43
17    13     29     46                             17      32      57
18    03     20     31       48       57           18      44
19    13     28     40       54                    19      25
20    18     48                                    20      04      39
21    09     33     54                             21      14      49
22    19                                           22      24
23    01     34                                    23      04      35

              -   MERGE PÂNĂ LA PLATFORMA CONTINENTAL-SIEMENS
                                  )

           ZILE LUCRĂTOARE                                      ZILE NELUCRĂTOARE
ORA               MINUTE                          ORA                   MINUTE

 5    49                                            5      56
 6    51                                            6      59
 7    08     23     37       51                     7      27
 8    13     28     42                              8      07      37
 9    00     04     20       37       56            9      10      49
10    17     36     55                             10      30
11    14     35     56                             11      09      44
12    19     42                                    12      19      54
13    01     17     34                             13      29
14    04     21     40                             14      04      37
15    02     24     42                             15      14      40
16    04     23     41       58                    16      24      45
17    15     31     48                             17      34      59
18    05     22     33       50       59           18      46
19    15     30     42       56                    19      27
20    20     50                                    20      06      41
21    11     35     56                             21      16      51
22    21                                           22      26
23    03     36                                    23      06      37

              -   MERGE PÂNĂ LA PLATFORMA CONTINENTAL-SIEMENS
                                  )

           ZILE LUCRĂTOARE                                      ZILE NELUCRĂTOARE
ORA               MINUTE                          ORA                   MINUTE

 5    55                                            5
 6    59                                            6      00
 7    16     31     45                              7      03      31
 8    00     21     36       50                     8      11      41
 9    08     10     26       43                     9      14      53
10    02     23     42                             10      34
11    01     20     41                             11      13      47
12    02     25     48                             12      23      58
13    07     23     40                             13      33
14    12     29     48                             14      07      41
15    10     32     50                             15      18      44
16    12     31     49                             16      28      49
17    06     25     39       56                    17      38
18    13     30     39       56                    18      03      50
19    05     21     36       48                    19      31
20    02     26     56                             20      10      45
21    17     41                                    21      20      55
22    02     27                                    22      30
23    09     42                                    23      10      41

              -   MERGE PÂNĂ LA PLATFORMA CONTINENTAL-SIEMENS
                                  )

           ZILE LUCRĂTOARE                                      ZILE NELUCRĂTOARE
ORA               MINUTE                          ORA                  MINUTE

 5    24                                            5
 6    21     38     53                              6
 7    07     21     43       58                     7
 8    12     30     39       55                     8
 9    12     31     52                              9
10    11     30     49                             10
11    10     31     54                             11
12    17     36     52                             12
13    09     34     51                             13
14    10     32     54                             14
15    12     34     53                             15
16    11     28     45                             16
17    01     18     35       52                    17
18    08     25     34       50                    18
19    05     17     31       55                    19
20    25     46                                    20
21    10     31     56                             21
22    38                                           22
23    11                                           23
              -   MERGE PÂNĂ LA PLATFORMA CONTINENTAL-SIEMENS
                                  )

           ZILE LUCRĂTOARE                                      ZILE NELUCRĂTOARE
ORA               MINUTE                          ORA                  MINUTE

 5                                                  5
 6    58                                            6
 7    15     30     44       58                     7
 8    20     35     49                              8
 9    07                                            9
10                                                 10
11                                                 11
12                                                 12
13                                                 13
14                                                 14
15    31     49                                    15
16    11     30     48                             16
17    05     22     38       55                    17
18    12                                           18
19                                                 19
20                                                 20
21                                                 21
22                                                 22
23                                                 23
              -   MERGE PÂNĂ LA PLATFORMA CONTINENTAL-SIEMENS
                                  )

           ZILE LUCRĂTOARE                                      ZILE NELUCRĂTOARE
ORA               MINUTE                          ORA                  MINUTE

 5                                                  5
 6    59                                            6
 7    16     31     45       59                     7
 8    21     36     50                              8
 9    08                                            9
10                                                 10
11                                                 11
12                                                 12
13                                                 13
14                                                 14
15    32     50                                    15
16    12     31     49                             16
17    06     23     39       56                    17
18    13                                           18
19                                                 19
20                                                 20
21                                                 21
22                                                 22
23                                                 23
              -   MERGE PÂNĂ LA PLATFORMA CONTINENTAL-SIEMENS
