                            )

          ZILE LUCRĂTOARE             SAMBATA             DUMINICA
ORA               MINUTE        ORA        MINUTE   ORA        MINUTE

5     -                         5     -             5      -

6     26                        6     -             6      -

7     01     30                 7     16            7     16
8     06     41                 8     50            8     50
9     16     46                 9     -             9      -
10    51                        10    36            10    36
11    -                         11    -             11     -
12    26                        12    41            12    41
13    16                        13    -             13     -
14    06     56                 14    16            14    16
15    -                         15    51            15    51
16    10     45                 16    -             16     -
17    40                        17    25            17    25
18    20                        18    -             18     -
19    11                        19    11            19    11
20    46                        20    46            20    46
21    -                         21    -             21     -
22    21                        22    -             22     -
23    -                         23    -             23     -
                            )
          ZILE LUCRĂTOARE             SAMBATA             DUMINICA
ORA               MINUTE        ORA        MINUTE   ORA        MINUTE

5     -                         5     -             5      -

6     27                        6     -             6      -

7     02     31                 7     17            7     17
8     07     42                 8     51            8     51
9     17     47                 9     -             9      -
10    52                        10    37            10    37
11    -                         11    -             11     -
12    27                        12    42            12    42
13    17                        13    -             13     -
14    07     57                 14    17            14    17
15    -                         15    52            15    52
16    11     46                 16    -             16     -
17    41                        17    26            17    26
18    21                        18    -             18     -
19    12                        19    12            19    12
20    47                        20    47            20    47
21    -                         21    -             21     -
22    22                        22    -             22     -
23    -                         23    -             23     -
                            )
          ZILE LUCRĂTOARE             SAMBATA             DUMINICA
ORA               MINUTE        ORA        MINUTE   ORA        MINUTE

5     -                         5     -             5      -

6     28                        6     -             6      -

7     03     32                 7     18            7     18
8     08     43                 8     52            8     52
9     18     48                 9     -             9      -
10    53                        10    38            10    38
11    -                         11    -             11     -
12    28                        12    43            12    43
13    18                        13    -             13     -
14    08     58                 14    18            14    18
15    -                         15    53            15    53
16    12     47                 16    -             16     -
17    42                        17    27            17    27
18    22                        18    -             18     -
19    13                        19    13            19    13
20    48                        20    48            20    48
21    -                         21    -             21     -
22    23                        22    -             22     -
23    -                         23    -             23     -
                            )
          ZILE LUCRĂTOARE             SAMBATA             DUMINICA
ORA               MINUTE        ORA        MINUTE   ORA        MINUTE

5     -                         5     -             5      -

6     30                        6     -             6      -

7     05     34                 7     20            7     20
8     10     45                 8     54            8     54
9     20     50                 9     -             9      -
10    55                        10    40            10    40
11    -                         11    -             11     -
12    30                        12    45            12    45
13    20                        13    -             13     -
14    10                        14    20            14    20
15    00                        15    55            15    55
16    14     49                 16    -             16     -
17    44                        17    29            17    29
18    24                        18    -             18     -
19    15                        19    15            19    15
20    50                        20    50            20    50
21    -                         21    -             21     -
22    25                        22    -             22     -
23    -                         23    -             23     -
                            )
          ZILE LUCRĂTOARE             SAMBATA             DUMINICA
ORA               MINUTE        ORA        MINUTE   ORA        MINUTE

5     -                         5     -             5      -

6     31                        6     -             6      -

7     06     35                 7     21            7     21
8     11     46                 8     55            8     55
9     21     51                 9     -             9      -
10    56                        10    41            10    41
11    -                         11    -             11     -
12    31                        12    46            12    46
13    21                        13    -             13     -
14    11                        14    21            14    21
15    01                        15    56            15    56
16    15     50                 16    -             16     -
17    45                        17    30            17    30
18    25                        18    -             18     -
19    16                        19    16            19    16
20    51                        20    51            20    51
21    -                         21    -             21     -
22    26                        22    -             22     -
23    -                         23    -             23     -
                            )
          ZILE LUCRĂTOARE             SAMBATA             DUMINICA
ORA               MINUTE        ORA        MINUTE   ORA        MINUTE

5     -                         5     -             5      -

6     32                        6     -             6      -

7     07     36                 7     22            7     22
8     12     47                 8     56            8     56
9     22     52                 9     -             9      -
10    57                        10    42            10    42
11    -                         11    -             11     -
12    32                        12    47            12    47
13    22                        13    -             13     -
14    12                        14    22            14    22
15    02                        15    57            15    57
16    16     51                 16    -             16     -
17    46                        17    31            17    31
18    26                        18    -             18     -
19    17                        19    17            19    17
20    52                        20    52            20    52
21    -                         21    -             21     -
22    27                        22    -             22     -
23    -                         23    -             23     -
                            )
          ZILE LUCRĂTOARE             SAMBATA             DUMINICA
ORA               MINUTE        ORA        MINUTE   ORA        MINUTE

5     -                         5     -             5      -

6     33                        6     -             6      -

7     08     37                 7     23            7     23
8     13     48                 8     57            8     57
9     23     53                 9     -             9      -
10    58                        10    43            10    43
11    -                         11    -             11     -
12    33                        12    48            12    48
13    23                        13    -             13     -
14    13                        14    23            14    23
15    03                        15    58            15    58
16    17     52                 16    -             16     -
17    47                        17    32            17    32
18    27                        18    -             18     -
19    18                        19    18            19    18
20    53                        20    53            20    53
21    -                         21    -             21     -
22    28                        22    -             22     -
23    -                         23    -             23     -
                            )
          ZILE LUCRĂTOARE             SAMBATA             DUMINICA
ORA               MINUTE        ORA        MINUTE   ORA        MINUTE

5     -                         5     -             5      -

6     34                        6     -             6      -

7     09     38                 7     24            7     24
8     14     49                 8     58            8     58
9     24     54                 9     -             9      -
10    59                        10    44            10    44
11    -                         11    -             11     -
12    34                        12    49            12    49
13    24                        13    -             13     -
14    14                        14    24            14    24
15    04                        15    59            15    59
16    18     53                 16    -             16     -
17    48                        17    33            17    33
18    28                        18    -             18     -
19    19                        19    19            19    19
20    54                        20    54            20    54
21    -                         21    -             21     -
22    29                        22    -             22     -
23    -                         23    -             23     -
                            )
          ZILE LUCRĂTOARE             SAMBATA             DUMINICA
ORA               MINUTE        ORA        MINUTE   ORA        MINUTE
                                      -                   -
5     -                         5                   5
      35                              -                    -
6                               6                   6
7     10     39                 7     25            7     25

8     15     50                 8     59            8     59

9     25     55                 9     -             9      -

10    -                         10    45            10    45

11    00                        11    -             11     -

12    35                        12    50            12    50

13    25                        13    -             13     -

14    15                        14    25            14    25

15    05                        15    -             15     -

16    19     54                 16    00            16    00

17    49                        17    34            17    34

18    29                        18    -             18     -

19    20                        19    20            19    20

20    55                        20    55            20    55

21    -                         21    -             21     -

22    30                        22    -             22     -

23    -                         23    -             23     -
                            )
          ZILE LUCRĂTOARE             SAMBATA             DUMINICA
ORA               MINUTE        ORA        MINUTE   ORA        MINUTE
                                      -                   -
5     -                         5                   5
      36                              -                    -
6                               6                   6
7     11     40                 7     26            7     26

8     16     51                 8     -             8      -

9     26     56                 9     00            9     00

10    -                         10    46            10    46

11    01                        11    -             11     -

12    36                        12    51            12    51

13    26                        13    -             13     -

14    16                        14    26            14    26

15    06                        15    -             15     -

16    20     55                 16    01            16    01

17    50                        17    35            17    35

18    30                        18    -             18     -

19    21                        19    21            19    21

20    56                        20    56            20    56

21    -                         21    -             21     -

22    31                        22    -             22     -

23    -                         23    -             23     -
                            )
          ZILE LUCRĂTOARE             SAMBATA             DUMINICA
ORA               MINUTE        ORA        MINUTE   ORA        MINUTE
                                      -                   -
5     -                         5                   5
      38                              -                    -
6                               6                   6
7     13     42                 7     28            7     28

8     18     53                 8     -             8      -

9     28     58                 9     02            9     02

10    -                         10    48            10    48

11    03                        11    -             11     -

12    38                        12    53            12    53

13    28                        13    -             13     -

14    18                        14    28            14    28

15    08                        15    -             15     -

16    22     57                 16    03            16    03

17    52                        17    37            17    37

18    32                        18    -             18     -

19    23                        19    23            19    23

20    58                        20    58            20    58

21    -                         21    -             21     -

22    33                        22    -             22     -

23    -                         23    -             23     -
                            )
          ZILE LUCRĂTOARE             SAMBATA             DUMINICA
ORA               MINUTE        ORA        MINUTE   ORA        MINUTE
                                      -                   -
5     -                         5                   5
      38                              -                    -
6                               6                   6
7     13     42                 7     28            7     28

8     18     53                 8     -             8      -

9     28     58                 9     02            9     02

10    -                         10    48            10    48

11    03                        11    -             11     -

12    38                        12    53            12    53

13    28                        13    -             13     -

14    18                        14    28            14    28

15    08                        15    -             15     -

16    22     57                 16    03            16    03

17    52                        17    37            17    37

18    32                        18    -             18     -

19    23                        19    23            19    23

20    58                        20    58            20    58

21    -                         21    -             21     -

22    33                        22    -             22     -

23    -                         23    -             23     -
                            )
          ZILE LUCRĂTOARE             SAMBATA             DUMINICA
ORA               MINUTE        ORA        MINUTE   ORA        MINUTE
                                      -                   -
5     -                         5                   5
      40                              -                    -
6                               6                   6
7     15     44                 7     30            7     30

8     20     55                 8     -             8      -

9     30                        9     04            9     04

10    00                        10    50            10    50

11    05                        11    -             11     -

12    40                        12    55            12    55

13    30                        13    -             13     -

14    20                        14    30            14    30

15    10                        15    -             15     -

16    24     59                 16    05            16    05

17    54                        17    39            17    39

18    34                        18    -             18     -

19    25                        19    25            19    25

20    -                         20    -             20     -

21    00                        21    00            21    00

22    35                        22    -             22     -

23    -                         23    -             23     -
                            )
          ZILE LUCRĂTOARE             SAMBATA             DUMINICA
ORA               MINUTE        ORA        MINUTE   ORA        MINUTE
                                      -                   -
5     -                         5                   5
      42                              -                    -
6                               6                   6
7     17     46                 7     32            7     32

8     22     57                 8     -             8      -

9     32                        9     06            9     06

10    02                        10    52            10    52

11    07                        11    -             11     -

12    42                        12    57            12    57

13    32                        13    -             13     -

14    22                        14    32            14    32

15    12                        15    -             15     -

16    26                        16    07            16    07

17    01     56                 17    41            17    41

18    36                        18    -             18     -

19    27                        19    27            19    27

20    -                         20    -             20     -

21    02                        21    02            21    02

22    37                        22    -             22     -

23    -                         23    -             23     -
                            )
          ZILE LUCRĂTOARE             SAMBATA             DUMINICA
ORA               MINUTE        ORA        MINUTE   ORA        MINUTE
                                      -                   -
5     -                         5                   5
      44                              -                    -
6                               6                   6
7     19     48                 7     34            7     34

8     24     59                 8     -             8      -

9     34                        9     08            9     08

10    04                        10    54            10    54

11    09                        11    -             11     -

12    44                        12    59            12    59

13    34                        13    -             13     -

14    24                        14    34            14    34

15    14                        15    -             15     -

16    28                        16    09            16    09

17    03     58                 17    43            17    43

18    38                        18    -             18     -

19    29                        19    29            19    29

20    -                         20    -             20     -

21    04                        21    04            21    04

22    39                        22    -             22     -

23    -                         23    -             23     -
                            )
          ZILE LUCRĂTOARE             SAMBATA             DUMINICA
ORA               MINUTE        ORA        MINUTE   ORA        MINUTE
                                      -                   -
5     -                         5                   5
      46                              -                    -
6                               6                   6
7     21     50                 7     36            7     36

8     26                        8     -             8      -

9     01     36                 9     10            9     10

10    06                        10    56            10    56

11    11                        11    -             11     -

12    46                        12    -             12     -

13    36                        13    01            13    01

14    26                        14    36            14    36

15    16                        15    -             15     -

16    30                        16    11            16    11

17    05                        17    45            17    45

18    00     40                 18    -             18     -

19    31                        19    31            19    31

20    -                         20    -             20     -

21    06                        21    06            21    06

22    41                        22    -             22     -

23    -                         23    -             23     -
                            )
          ZILE LUCRĂTOARE             SAMBATA             DUMINICA
ORA               MINUTE        ORA        MINUTE   ORA        MINUTE
                                      -                   -
5     -                         5                   5
      49                              -                    -
6                               6                   6
7     24     53                 7     39            7     39

8     29                        8     -             8      -

9     04     39                 9     13            9     13

10    09                        10    59            10    59

11    14                        11    -             11     -

12    49                        12    -             12     -

13    39                        13    04            13    04

14    29                        14    39            14    39

15    19                        15    -             15     -

16    33                        16    14            16    14

17    08                        17    48            17    48

18    03     43                 18    -             18     -

19    34                        19    34            19    34

20    -                         20    -             20     -

21    09                        21    09            21    09

22    44                        22    -             22     -

23    -                         23    -             23     -
                            )
          ZILE LUCRĂTOARE             SAMBATA             DUMINICA
ORA               MINUTE        ORA        MINUTE   ORA        MINUTE
                                      -                   -
5     -                         5                   5
      53                              -                    -
6                               6                   6
7     28     57                 7     43            7     43

8     33                        8     -             8      -

9     08     43                 9     17            9     17

10    13                        10    -             10     -

11    18                        11    03            11    03

12    53                        12    -             12     -

13    43                        13    08            13    08

14    33                        14    43            14    43

15    23                        15    -             15     -

16    37                        16    18            16    18

17    12                        17    52            17    52

18    07     47                 18    -             18     -

19    38                        19    38            19    38

20    -                         20    -             20     -

21    13                        21    13            21    13

22    48                        22    -             22     -

23    -                         23    -             23     -
                            )
          ZILE LUCRĂTOARE             SAMBATA             DUMINICA
ORA               MINUTE        ORA        MINUTE   ORA        MINUTE
                                      -                   -
5     -                         5                   5
      56                              -                    -
6                               6                   6
7     31                        7     46            7     46

8     00     36                 8     -             8      -

9     11     46                 9     20            9     20

10    16                        10    -             10     -

11    21                        11    06            11    06

12    56                        12    -             12     -

13    46                        13    11            13    11

14    36                        14    46            14    46

15    26                        15    -             15     -

16    40                        16    21            16    21

17    15                        17    55            17    55

18    10     50                 18    -             18     -

19    41                        19    41            19    41

20    -                         20    -             20     -

21    16                        21    16            21    16

22    51                        22    -             22     -

23    -                         23    -             23     -
                            )
          ZILE LUCRĂTOARE             SAMBATA             DUMINICA
ORA               MINUTE        ORA        MINUTE   ORA        MINUTE
                                      -                   -
5     -                         5                   5
      59                              -                    -
6                               6                   6
7     34                        7     49            7     49

8     03     39                 8     -             8      -

9     14     49                 9     23            9     23

10    19                        10    -             10     -

11    24                        11    09            11    09

12    59                        12    -             12     -

13    49                        13    14            13    14

14    39                        14    49            14    49

15    29                        15    -             15     -

16    43                        16    24            16    24

17    18                        17    58            17    58

18    13     53                 18    -             18     -

19    44                        19    44            19    44

20    -                         20    -             20     -

21    19                        21    19            21    19

22    54                        22    -             22     -

23    -                         23    -             23     -
                            )
          ZILE LUCRĂTOARE             SAMBATA             DUMINICA
ORA               MINUTE        ORA        MINUTE   ORA        MINUTE
                                      -                   -
5     -                         5                   5
      -                               -                    -
6                               6                   6
7     00     35                 7     50            7     50

8     04     40                 8     -             8      -

9     15     50                 9     24            9     24

10    20                        10    -             10     -

11    25                        11    10            11    10

12    -                         12    -             12     -

13    00     50                 13    15            13    15

14    40                        14    50            14    50

15    30                        15    -             15     -

16    44                        16    25            16    25

17    19                        17    59            17    59

18    14     54                 18    -             18     -

19    45                        19    45            19    45

20    -                         20    -             20     -

21    20                        21    20            21    20

22    55                        22    -             22     -

23    -                         23    -             23     -
                            )
          ZILE LUCRĂTOARE             SAMBATA             DUMINICA
ORA               MINUTE        ORA        MINUTE   ORA        MINUTE
                                      -                   -
5     -                         5                   5
      -                               -                    -
6                               6                   6
7     03     38                 7     53            7     53

8     07     43                 8     -             8      -

9     18     53                 9     27            9     27

10    23                        10    -             10     -

11    28                        11    13            11    13

12    -                         12    -             12     -

13    03     53                 13    18            13    18

14    43                        14    53            14    53

15    33                        15    -             15     -

16    47                        16    28            16    28

17    22                        17    -             17     -

18    17     57                 18    00            18    00

19    48                        19    48            19    48

20    -                         20    -             20     -

21    23                        21    23            21    23

22    58                        22    -             22     -

23    -                         23    -             23     -
                            )
          ZILE LUCRĂTOARE             SAMBATA             DUMINICA
ORA               MINUTE        ORA        MINUTE   ORA        MINUTE
                                      -                   -
5     -                         5                   5
      -                               -                    -
6                               6                   6
7     05     40                 7     55            7     55

8     09     45                 8     -             8      -

9     20     55                 9     29            9     29

10    25                        10    -             10     -

11    30                        11    15            11    15

12    -                         12    -             12     -

13    05     55                 13    20            13    20

14    45                        14    55            14    55

15    35                        15    -             15     -

16    49                        16    30            16    30

17    24                        17    -             17     -

18    19     59                 18    02            18    02

19    50                        19    50            19    50

20    -                         20    -             20     -

21    25                        21    25            21    25

22    -                         22    -             22     -

23    00                        23    -             23     -
                            )
          ZILE LUCRĂTOARE             SAMBATA             DUMINICA
ORA               MINUTE        ORA        MINUTE   ORA        MINUTE
                                      -                   -
5     -                         5                   5
      -                               -                    -
6                               6                   6
7     06     41                 7     56            7     56

8     10     46                 8     -             8      -

9     21     56                 9     30            9     30

10    26                        10    -             10     -

11    31                        11    16            11    16

12    -                         12    -             12     -

13    06     56                 13    21            13    21

14    46                        14    56            14    56

15    36                        15    -             15     -

16    50                        16    31            16    31

17    25                        17    -             17     -

18    20                        18    03            18    03

19    00     51                 19    51            19    51

20    -                         20    -             20     -

21    26                        21    26            21    26

22    -                         22    -             22     -

23    01                        23    -             23     -
                            )
          ZILE LUCRĂTOARE             SAMBATA             DUMINICA
ORA               MINUTE        ORA        MINUTE   ORA        MINUTE
                                      -                   -
5     -                         5                   5
      -                               -                    -
6                               6                   6
7     07     42                 7     57            7     57

8     11     47                 8     -             8      -

9     22     57                 9     31            9     31

10    27                        10    -             10     -

11    32                        11    17            11    17

12    -                         12    -             12     -

13    07     57                 13    22            13    22

14    47                        14    57            14    57

15    37                        15    -             15     -

16    51                        16    32            16    32

17    26                        17    -             17     -

18    21                        18    04            18    04

19    01     52                 19    52            19    52

20    -                         20    -             20     -

21    27                        21    27            21    27

22    -                         22    -             22     -

23    02                        23    -             23     -
                            )
          ZILE LUCRĂTOARE             SAMBATA             DUMINICA
ORA               MINUTE        ORA        MINUTE   ORA        MINUTE
                                      -                   -
5     -                         5                   5
      -                               -                    -
6                               6                   6
7     09     44                 7     59            7     59

8     13     49                 8     -             8      -

9     24     59                 9     33            9     33

10    29                        10    -             10     -

11    34                        11    19            11    19

12    -                         12    -             12     -

13    09     59                 13    24            13    24

14    49                        14    59            14    59

15    39                        15    -             15     -

16    53                        16    34            16    34

17    28                        17    -             17     -

18    23                        18    06            18    06

19    03     54                 19    54            19    54

20    -                         20    -             20     -

21    29                        21    29            21    29

22    -                         22    -             22     -

23    04                        23    -             23     -
