                            )

          ZILE LUCRĂTOARE             SAMBATA             DUMINICA
ORA               MINUTE        ORA        MINUTE   ORA        MINUTE

5     40                         5    -              5    -

6     15     45                  6    30             6    30

7     15     55                  7    -              7     -

8     30     55                  8    05             8    05

9     -                          9    50             9    50

10    05                        10    -             10     -

11    40                        11    55            11    55

12    30                        12    -             12     -

13    20                        13    30            13    30

14    05     55                 14    -             14     -

15    45                        15    05            15    05

16    55                        16    40            16    40

17    34                        17    -             17     -

18    25                        18    25            18    25

19    -                         19    -             19     -

20    00                        20    00            20    00

21    35                        21    35            21    35

22    -                         22    -             22     -

23    -                         23    -             23     -
                            )
          ZILE LUCRĂTOARE             SAMBATA             DUMINICA
ORA               MINUTE        ORA        MINUTE   ORA        MINUTE

5     42                        5     -             5     -

6     17     47                 6     32            6     32

7     17     57                 7     -             7      -

8     32     57                 8     07            8     07

9     -                         9     52            9     52

10    07                        10    -             10     -

11    42                        11    57            11    57

12    32                        12    -             12     -

13    22                        13    32            13    32

14    07     57                 14    -             14     -

15    47                        15    07            15    07

16    57                        16    42            16    42

17    36                        17    -             17     -

18    27                        18    27            18    27

19    -                         19    -             19     -

20    02                        20    02            20    02

21    37                        21    37            21    37

22    -                         22    -             22     -

23    -                         23    -             23     -
                            )
          ZILE LUCRĂTOARE             SAMBATA             DUMINICA
ORA               MINUTE        ORA        MINUTE   ORA        MINUTE

5     44                        5     -             5      -
6     19     49                 6     34            6     34
7     19     59                 7     -             7      -
8     34     59                 8     09            8     09
9     -                         9     54            9     54
10    09                        10    -             10     -
11    44                        11    59            11    59
12    34                        12    -             12     -
13    24                        13    34            13    34
14    09     59                 14    -             14     -
15    49                        15    09            15    09
16    59                        16    44            16    44
17    38                        17    -             17     -
18    29                        18    29            18    29
19    -                         19    -             19     -
20    04                        20    04            20    04
21    39                        21    39            21    39
22    -                         22    -             22     -
23    -                         23    -             23     -
                            )
          ZILE LUCRĂTOARE             SAMBATA             DUMINICA
ORA               MINUTE        ORA        MINUTE   ORA        MINUTE

5     44                        5     -             5      -

6     19     49                 6     34            6     34
7     19     59                 7     -             7      -
8     34     59                 8     09            8     09
9     -                         9     54            9     54
10    09                        10    -             10     -
11    44                        11    59            11    59
12    34                        12    -             12     -
13    24                        13    34            13    34
14    09     59                 14    -             14     -
15    49                        15    09            15    09
16    59                        16    44            16    44
17    38                        17    -             17     -
18    29                        18    29            18    29
19    -                         19    -             19     -
20    04                        20    04            20    04
21    39                        21    39            21    39
22    -                         22    -             22     -

23    -                         23    -             23     -
                            )
          ZILE LUCRĂTOARE             SAMBATA             DUMINICA
ORA               MINUTE        ORA        MINUTE   ORA        MINUTE
                                      -                   -
5     45                        5                   5
6     20     50                 6     35            6     35

7     20                        7     -             7      -

8     00     35                 8     10            8     10

9     00                        9     55            9     55

10    10                        10    -             10     -

11    45                        11    -             11     -

12    35                        12    00            12    00

13    25                        13    35            13    35

14    10                        14    -             14     -

15    00     50                 15    10            15    10

16    -                         16    45            16    45

17    00     39                 17    -             17     -

18    30                        18    30            18    30

19    -                         19    -             19     -

20    05                        20    05            20    05

21    40                        21    40            21    40

22    -                         22    -             22     -

23    -                         23    -             23     -
                            )
          ZILE LUCRĂTOARE             SAMBATA             DUMINICA
ORA               MINUTE        ORA        MINUTE   ORA        MINUTE
                                      -                   -
5     46                        5                   5
6     21     51                 6     36            6     36
7     21                        7     -             7      -
8     01     36                 8     11            8     11
9     01                        9     56            9     56
10    11                        10    -             10     -
11    46                        11    -             11     -
12    36                        12    01            12    01
13    26                        13    36            13    36
14    11                        14    -             14     -
15    01     51                 15    11            15    11
16    -                         16    46            16    46
17    01     40                 17    -             17     -
18    31                        18    31            18    31
19    -                         19    -             19     -
20    06                        20    06            20    06
21    41                        21    41            21    41
22    -                         22    -             22     -

23    -                         23    -             23     -
                            )
          ZILE LUCRĂTOARE             SAMBATA             DUMINICA
ORA               MINUTE        ORA        MINUTE   ORA        MINUTE
                                      -                   -
5     48                        5                   5
6     23     53                 6     38            6     38
7     23                        7     -             7      -
8     03     38                 8     13            8     13
9     03                        9     58            9     58
10    13                        10    -             10     -
11    48                        11    -             11     -
12    38                        12    03            12    03
13    28                        13    38            13    38
14    13                        14    -             14     -
15    03     53                 15    13            15    13
16    -                         16    48            16    48
17    03     42                 17    -             17     -
18    33                        18    33            18    33
19    -                         19    -             19     -
20    08                        20    08            20    08
21    43                        21    43            21    43
22    -                         22    -             22     -

23    -                         23    -             23     -
                            )
          ZILE LUCRĂTOARE             SAMBATA             DUMINICA
ORA               MINUTE        ORA        MINUTE   ORA        MINUTE
                                      -                   -
5     51                        5                   5
6     26     56                 6     40            6     40
7     26                        7     -             7      -
8     06     41                 8     15            8     15
9     06                        9     -             9      -
10    16                        10    00            10    00
11    51                        11    -             11     -
12    41                        12    05            12    05
13    31                        13    40            13    40
14    16                        14    -             14     -
15    06     56                 15    15            15    15
16    -                         16    50            16    50
17    06     45                 17    -             17     -
18    36                        18    35            18    35
19    -                         19    -             19     -
20    11                        20    10            20    10
21    46                        21    45            21    45
22    -                         22    -             22     -

23    -                         23    -             23     -
                            )
          ZILE LUCRĂTOARE             SAMBATA             DUMINICA
ORA               MINUTE        ORA        MINUTE   ORA        MINUTE
                                      -                   -
5     53                        5                   5
6     28     58                 6     42            6     42
7     28                        7     -             7      -
8     08     43                 8     17            8     17
9     08                        9     -             9      -
10    18                        10    02            10    02
11    53                        11    -             11     -
12    43                        12    07            12    07
13    33                        13    42            13    42
14    18                        14    -             14     -
15    08     58                 15    17            15    17
16    -                         16    52            16    52
17    08     47                 17    -             17     -
18    38                        18    37            18    37
19    -                         19    -             19     -
20    13                        20    12            20    12
21    48                        21    47            21    47
22    -                         22    -             22     -

23    -                         23    -             23     -
                            )
          ZILE LUCRĂTOARE             SAMBATA             DUMINICA
ORA               MINUTE        ORA        MINUTE   ORA        MINUTE
                                      -                   -
5     54                        5                   5
6     28     58                 6     44            6     44
7     28                        7     -             7      -
8     08     43                 8     19            8     19
9     08                        9     -             9      -
10    18                        10    04            10    04
11    53                        11    -             11     -
12    43                        12    09            12    09
13    33                        13    44            13    44
14    18                        14    -             14     -
15    08     58                 15    19            15    19
16    -                         16    54            16    54
17    08     58                 17    -             17     -
18    38                        18    39            18    39
19    -                         19    -             19     -
20    13                        20    14            20    14
21    48                        21    49            21    49
22    -                         22    -             22     -

23    -                         23    -             23     -
                            )
          ZILE LUCRĂTOARE             SAMBATA             DUMINICA
ORA               MINUTE        ORA        MINUTE   ORA        MINUTE

5     55                        5     -             5     -
6     29     59                 6     45            6     45
7     29                        7     -             7      -
8     09     44                 8     20            8     20
9     09                        9     -             9      -
10    19                        10    05            10    05
11    54                        11    -             11     -
12    44                        12    10            12    10
13    34                        13    45            13    45
14    19                        14    -             14     -
15    09     59                 15    20            15    20
16    -                         16    55            16    55
17    09     48                 17    -             17     -
18    39                        18    40            18    40
19    -                         19    -             19     -
20    14                        20    15            20    15
21    49                        21    50            21    50
22    -                         22    -             22     -

23    -                         23    -             23     -
                            )
          ZILE LUCRĂTOARE             SAMBATA             DUMINICA
ORA               MINUTE        ORA        MINUTE   ORA        MINUTE

5     57                        5     -             5     -
6     31                        6     47            6     47
7     01     31                 7     -             7      -
8     11     46                 8     22            8     22
9     11                        9     -             9      -
10    21                        10    07            10    07
11    56                        11    -             11     -
12    46                        12    12            12    12
13    36                        13    47            13    47
14    21                        14    -             14     -
15    11                        15    22            15    22
16    01                        16    57            16    57
17    11     50                 17    -             17     -
18    41                        18    42            18    42
19    -                         19    -             19     -
20    16                        20    17            20    17
21    51                        21    52            21    52
22    -                         22    -             22     -
23    -                         23    -             23     -
                            )
          ZILE LUCRĂTOARE             SAMBATA             DUMINICA
ORA               MINUTE        ORA        MINUTE   ORA        MINUTE
                                      -                   -
5     -                         5                   5
6     04     38                 6     54            6     54
7     08     38                 7     -             7      -
8     18     53                 8     29            8     29
9     18                        9     -             9      -
10    28                        10    14            10    14
11    -                         11    -             11     -
12    03     53                 12    19            12    19
13    43                        13    54            13    54
14    28                        14    -             14     -
15    18                        15    29            15    29
16    08                        16    -             16     -
17    18     57                 17    04            17    04
18    48                        18    49            18    49
19    -                         19    -             19     -
20    23                        20    24            20    24
21    58                        21    59            21    59
22    -                         22    -             22     -

23    -                         23    -             23     -
                            )
          ZILE LUCRĂTOARE             SAMBATA             DUMINICA
ORA               MINUTE        ORA        MINUTE   ORA        MINUTE
                                      -                   -
5     -                         5                   5
6     06     40                 6     56            6     56
7     10     40                 7     -             7      -
8     20     55                 8     31            8     31
9     20                        9     -             9      -
10    30                        10    16            10    16
11    -                         11    -             11     -
12    05     55                 12    21            12    21
13    45                        13    56            13    56
14    30                        14    -             14     -
15    20                        15    31            15    31
16    10                        16    -             16     -
17    20     59                 17    06            17    06
18    50                        18    51            18    51
19    -                         19    -             19     -
20    25                        20    26            20    26
21    -                         21    -             21     -
22    00                        22    01            22    01
23    -                         23    -             23     -
                            )
          ZILE LUCRĂTOARE             SAMBATA             DUMINICA
ORA               MINUTE        ORA        MINUTE   ORA        MINUTE
                                      -                   -
5     -                         5                   5
6     08     42                 6     58            6     58
7     12     42                 7     -             7      -
8     22     57                 8     33            8     33
9     22                        9     -             9      -
10    32                        10    18            10    18
11    -                         11    -             11     -
12    07     57                 12    23            12    23
13    47                        13    58            13    58
14    32                        14    -             14     -
15    22                        15    33            15    33
16    12                        16    -             16     -
17    22                        17    08            17    08
18    01     52                 18    53            18    53
19    -                         19    -             19     -
20    27                        20    28            20    28
21    -                         21    -             21     -
22    02                        22    03            22    03
23    -                         23    -             23     -
                            )
          ZILE LUCRĂTOARE             SAMBATA             DUMINICA
ORA               MINUTE        ORA        MINUTE   ORA        MINUTE
                                      -                   -
5     -                         5                   5
6     10     44                 6     -             6      -
7     14     44                 7     00            7     00
8     24     59                 8     35            8     35
9     24                        9     -             9      -
10    34                        10    20            10    20
11    -                         11    -             11     -
12    09     59                 12    25            12    25
13    49                        13    -             13     -
14    34                        14    00            14    00
15    24                        15    35            15    35
16    14                        16    -             16     -
17    24                        17    10            17    10
18    03     54                 18    55            18    55
19    -                         19    -             19     -
20    29                        20    30            20    30
21    -                         21    -             21     -
22    04                        22    05            22    05
23    -                         23    -             23     -
                            )
          ZILE LUCRĂTOARE             SAMBATA             DUMINICA
ORA               MINUTE        ORA        MINUTE   ORA        MINUTE
                                      -                   -
5     -                         5                   5
6     12     46                 6     -             6      -
7     16     46                 7     02            7     02
8     26                        8     37            8     37
9     01     26                 9     -             9      -
10    36                        10    22            10    22
11    -                         11    -             11     -
12    11                        12    27            12    27
13    01     51                 13    -             13     -
14    36                        14    02            14    02
15    26                        15    37            15    37
16    16                        16    -             16     -
17    26                        17    12            17    12
18    05     56                 18    57            18    57
19    -                         19    -             19     -
20    31                        20    32            20    32
21    -                         21    -             21     -
22    06                        22    07            22    07
23    -                         23    -             23     -
                            )
          ZILE LUCRĂTOARE             SAMBATA             DUMINICA
ORA               MINUTE        ORA        MINUTE   ORA        MINUTE
                                      -                   -
5     -                         5                   5
6     14     48                 6     -             6      -
7     18     48                 7     04            7     04
8     28                        8     39            8     39
9     03     28                 9     -             9      -
10    38                        10    24            10    24
11    -                         11    -             11     -
12    13                        12    29            12    29
13    03     53                 13    -             13     -
14    38                        14    04            14    04
15    28                        15    39            15    39
16    18                        16    -             16     -
17    28                        17    14            17    14
18    07     58                 18    59            18    59
19    -                         19    -             19     -
20    33                        20    34            20    34
21    -                         21    -             21     -
22    08                        22    09            22    09
23    -                         23    -             23     -
                            )
          ZILE LUCRĂTOARE             SAMBATA             DUMINICA
ORA               MINUTE        ORA        MINUTE   ORA        MINUTE

5     -                         5                   5
6     14     48                 6                   6
7     18     48                 7     04            7     04
8     28                        8     39            8     39
9     03     28                 9                   9
10    38                        10    24            10    24
11    -                         11                  11
12    13                        12    29            12    29
13    03     53                 13                  13
14    38                        14    04            14    04
15    28                        15    39            15    39
16    18                        16                  16
17    28                        17    14            17    14
18    07     58                 18    59            18    59
19    -                         19                  19
20    33                        20    34            20    34
21    -                         21                  21
22    08                        22    09            22    09
23    -                         23                  23
                            )
          ZILE LUCRĂTOARE             SAMBATA             DUMINICA
ORA               MINUTE        ORA        MINUTE   ORA        MINUTE
                                      -                   -
5     -                         5                   5
6     16     50                 6     -             6      -
7     20     50                 7     06            7     06
8     30                        8     41            8     41
9     05     30                 9     -             9      -
10    40                        10    26            10    26
11    -                         11    -             11     -
12    15                        12    31            12    31
13    05     55                 13    -             13     -
14    40                        14    06            14    06
15    30                        15    41            15    41
16    20                        16    -             16     -
17    30                        17    16            17    16
18    09                        18    -             18     -
19    00                        19    01            19    01
20    35                        20    36            20    36
21    -                         21    -             21     -
22    10                        22    11            22    11
23    -                         23    -             23     -
                            )
          ZILE LUCRĂTOARE             SAMBATA             DUMINICA
ORA               MINUTE        ORA        MINUTE   ORA        MINUTE
                                      -                   -
5     -                         5                   5
6     16     50                 6     -             6      -
7     20     50                 7     06            7     06
8     30                        8     41            8     41
9     05     30                 9     -             9      -
10    40                        10    26            10    26
11    -                         11    -             11     -
12    15                        12    31            12    31
13    05     55                 13    -             13     -
14    40                        14    06            14    06
15    30                        15    41            15    41
16    20                        16    -             16     -
17    30                        17    16            17    16
18    09                        18    -             18     -
19    00                        19    01            19    01
20    35                        20    36            20    36
21    -                         21    -             21     -
22    10                        22    11            22    11
23    -                         23    -             23     -
                            )
          ZILE LUCRĂTOARE             SAMBATA             DUMINICA
ORA               MINUTE        ORA        MINUTE   ORA        MINUTE
                                      -                   -
5     -                         5                   5
      17     51                       -                    -
6                               6                   6
7     21     51                 7     07            7     07

8     31                        8     42            8     42

9     06     31                 9     -             9      -

10    41                        10    27            10    27

11    -                         11    -             11     -

12    16                        12    32            12    32

13    06     56                 13    -             13     -

14    41                        14    07            14    07

15    31                        15    42            15    42

16    21                        16    -             16     -

17    31                        17    17            17    17

18    10                        18    -             18     -

19    01                        19    02            19    02

20    36                        20    37            20    37

21    -                         21    -             21     -

22    11                        22    12            22    12

23    -                         23    -             23     -
                            )
          ZILE LUCRĂTOARE             SAMBATA             DUMINICA
ORA               MINUTE        ORA        MINUTE   ORA        MINUTE
                                      -                   -
5     -                         5                   5
6     17     51                 6     -             6      -
7     21     51                 7     07            7     07
8     31                        8     42            8     42
9     06     31                 9     -             9      -
10    41                        10    27            10    27
11    -                         11    -             11     -
12    16                        12    32            12    32
13    06     56                 13    -             13     -
14    41                        14    07            14    07
15    31                        15    42            15    42
16    21                        16    -             16     -
17    31                        17    17            17    17
18    10                        18    -             18     -
19    01                        19    02            19    02
20    36                        20    37            20    37
21    -                         21    -             21     -
22    11                        22    12            22    12
23    -                         23    -             23     -
                            )
          ZILE LUCRĂTOARE             SAMBATA             DUMINICA
ORA               MINUTE        ORA        MINUTE   ORA        MINUTE
                                      -                   -
5     -                         5                   5
6     18     52                 6     -             6      -
7     22     52                 7     08            7     08
8     32                        8     43            8     43
9     07     32                 9     -             9      -
10    42                        10    28            10    28
11    -                         11    -             11     -
12    17                        12    33            12    33
13    07     57                 13    -             13     -
14    42                        14    08            14    08
15    32                        15    43            15    43
16    22                        16    -             16     -
17    32                        17    18            17    18
18    11                        18    -             18     -
19    02                        19    03            19    03
20    37                        20    38            20    38
21    -                         21    -             21     -
22    12                        22    13            22    13
23    -                         23    -             23     -
                            )
          ZILE LUCRĂTOARE             SAMBATA             DUMINICA
ORA               MINUTE        ORA        MINUTE   ORA        MINUTE
                                      -                   -
5     -                         5                   5
6     19     53                 6     -             6      -
7     23     53                 7     09            7     09
8     33                        8     44            8     44
9     08     33                 9     -             9      -
10    43                        10    29            10    29
11    -                         11    -             11     -
12    18                        12    34            12    34
13    08     58                 13    -             13     -
14    43                        14    09            14    09
15    33                        15    44            15    44
16    23                        16    -             16     -
17    33                        17    19            17    19
18    12                        18    -             18     -
19    03                        19    04            19    04
20    38                        20    39            20    39
21    -                         21    -             21     -
22    13                        22    14            22    14
23    -                         23    -             23     -
                            )
          ZILE LUCRĂTOARE             SAMBATA             DUMINICA
ORA               MINUTE        ORA        MINUTE   ORA        MINUTE
                                      -                   -
5     -                         5                   5
                                      -                    -
6     20     54                 6                   6
7     24     54                 7     10            7     10
8     34                        8     45            8     45
9     09     34                 9     -             9      -
10    44                        10    30            10    30
11    -                         11    -             11     -
12    19                        12    35            12    35
13    09     59                 13    -             13     -
14    44                        14    10            14    10
15    34                        15    45            15    45
16    24                        16    -             16     -
17    34                        17    20            17    20
18    13                        18    -             18     -
19    04                        19    05            19    05
20    39                        20    40            20    40
21    -                         21    -             21     -
22    14                        22    15            22    15
23    -                         23    -             23     -
                            )
          ZILE LUCRĂTOARE             SAMBATA             DUMINICA
ORA               MINUTE        ORA        MINUTE   ORA        MINUTE
                                      -                   -
5     -                         5                   5
                                      -                    -
6     21     55                 6                   6
7     25     55                 7     11            7     11
8     35                        8     46            8     46
9     10     35                 9     -             9      -
10    45                        10    31            10    31
11    -                         11    -             11     -
12    20                        12    36            12    36
13    10                        13    -             13     -
14    00     45                 14    11            14    11
15    35                        15    46            15    46
16    25                        16    -             16     -
17    35                        17    21            17    21
18    14                        18    -             18     -
19    05                        19    06            19    06
20    40                        20    41            20    41
21    -                         21    -             21     -
22    15                        22    16            22    16
23    -                         23    -             23     -
                            )
          ZILE LUCRĂTOARE             SAMBATA             DUMINICA
ORA               MINUTE        ORA        MINUTE   ORA        MINUTE
                                      -                   -
5     -                         5                   5
6     23     57                 6     -             6      -
7     27     57                 7     13            7     13
8     37                        8     48            8     48
9     12     37                 9     -             9      -
10    47                        10    33            10    33
11    -                         11    -             11     -
12    22                        12    38            12    38
13    12                        13    -             13     -
14    02     47                 14    13            14    13
15    37                        15    48            15    48
16    27                        16    -             16     -
17    37                        17    23            17    23
18    16                        18    -             18     -
19    07                        19    08            19    08
20    42                        20    43            20    43
21    -                         21    -             21     -
22    17                        22    18            22    18
23    -                         23    -             23     -
                            )
          ZILE LUCRĂTOARE             SAMBATA             DUMINICA
ORA               MINUTE        ORA        MINUTE   ORA        MINUTE

5     -                         5     -             5      -

6     24     58                 6     -             6      -
7     28     58                 7     14            7     14
8     38                        8     49            8     49
9     13     38                 9     -             9      -
10    48                        10    34            10    34
11    -                         11    -             11     -
12    23                        12    39            12    39
13    13                        13    -             13     -
14    03     48                 14    14            14    14
15    38                        15    49            15    49
16    28                        16    -             16     -
17    38                        17    24            17    24
18    17                        18    -             18     -
19    08                        19    09            19    09
20    43                        20    44            20    44
21    -                         21    -             21     -
22    18                        22    19            22    19
23    -                         23    -             23     -
